54.765038	0.003256;
55.141804	0.006969;
55.518566	0.010682;
53.465908	0.013206;
50.940941	0.013777;
54.193027	0.012062;
56.173702	0.011707;
56.951115	0.012528;
55.826111	0.013431;
53.499176	0.013772;
52.023682	0.013340;
52.773281	0.011775;
55.965977	0.010798;
57.765862	0.010730;
56.836143	0.011702;
54.211697	0.013652;
54.144444	0.015329;
55.908733	0.015453;
57.802399	0.014743;
58.491203	0.013748;
56.953472	0.012897;
51.674835	0.013878;
49.021992	0.014576;
50.448097	0.013680;
54.804153	0.011673;
58.572178	0.010622;
58.089916	0.010746;
55.409916	0.012441;
52.664333	0.015046;
51.754799	0.017383;
54.315689	0.017837;
55.613800	0.017308;
55.844753	0.016915;
55.211643	0.016678;
53.898842	0.016423;
52.098965	0.015811;
50.203880	0.014274;
54.323326	0.011661;
58.887405	0.009906;
60.593071	0.009354;
58.013771	0.009095;
54.424686	0.010708;
50.586590	0.012145;
50.066620	0.011967;
52.684685	0.010347;
55.303806	0.008798;
57.974495	0.010705;
57.703106	0.012946;
56.558918	0.015286;
55.669300	0.017136;
55.449669	0.017663;
54.717613	0.017643;
53.781399	0.016994;
53.263771	0.015584;
53.906551	0.013683;
56.433609	0.011925;
57.747986	0.012174;
57.155338	0.013384;
55.772736	0.014837;
54.382339	0.015774;
53.538765	0.015420;
53.025070	0.014022;
53.892586	0.012924;
55.322533	0.012575;
56.522545	0.012802;
56.691986	0.012969;
55.229950	0.012497;
53.809399	0.012452;
52.882492	0.012841;
53.230503	0.013293;
55.688160	0.013186;
56.299339	0.012672;
56.098755	0.012634;
55.296089	0.013270;
54.116673	0.014364;
52.898361	0.015367;
53.908203	0.014917;
57.798843	0.014339;
60.252308	0.013749;
59.824364	0.013267;
57.081837	0.013074;
55.490650	0.014857;
54.602127	0.016001;
54.105961	0.015433;
54.087814	0.013197;
54.807926	0.010192;
55.158855	0.009273;
55.376808	0.010202;
55.328526	0.011903;
55.375549	0.013793;
56.140606	0.015548;
56.969551	0.016956;
55.706593	0.017753;
53.898754	0.018602;
52.901314	0.019351;
53.875679	0.019403;
55.458817	0.019020;
55.878197	0.019033;
55.952492	0.019583;
55.967461	0.020311;
55.922310	0.020527;
55.832478	0.019264;
56.488617	0.017739;
57.321056	0.016719;
57.785812	0.016255;
57.334568	0.015959;
55.356705	0.015206;
53.273251	0.014416;
52.216560	0.013467;
53.090652	0.012446;
56.349323	0.011598;
57.525227	0.011720;
56.609394	0.011635;
54.246143	0.011544;
51.620537	0.011572;
50.498589	0.011758;
55.902912	0.011387;
59.699280	0.012790;
59.144318	0.013764;
55.280449	0.014262;
51.486805	0.015160;
53.362740	0.014186;
55.441071	0.013198;
57.181194	0.012670;
57.811512	0.012468;
56.499016	0.012164;
53.030590	0.011930;
51.603096	0.011630;
51.915459	0.011045;
53.677670	0.010236;
56.568516	0.009450;
61.112267	0.009302;
61.688808	0.008809;
59.989708	0.008327;
57.619469	0.008287;
56.033081	0.009119;
53.409855	0.010712;
50.510780	0.012512;
50.248413	0.013226;
52.006207	0.012840;
53.629837	0.012008;
55.867260	0.011657;
56.339966	0.012066;
54.799107	0.013051;
52.392452	0.014253;
51.102627	0.015140;
54.017353	0.014402;
55.533501	0.013622;
56.118809	0.012839;
56.295418	0.012299;
56.569286	0.012343;
56.375587	0.013334;
55.781651	0.014198;
54.876396	0.014116;
53.861317	0.013095;
53.151268	0.011618;
54.807713	0.011040;
56.694885	0.012257;
56.437248	0.013665;
54.791851	0.014489;
53.915237	0.014304;
55.883701	0.012839;
57.013733	0.011695;
56.874527	0.011106;
56.247566	0.011288;
56.377880	0.012378;
57.622791	0.014092;
57.610210	0.014836;
55.154736	0.014450;
51.372311	0.013467;
48.720314	0.012578;
52.752384	0.010792;
56.480221	0.010686;
58.673042	0.011286;
59.266083	0.012170;
58.620823	0.013107;
56.033756	0.014111;
54.234634	0.015397;
53.534908	0.016154;
53.363655	0.015893;
53.023212	0.014316;
54.161396	0.011466;
55.064999	0.009734;
55.041965	0.009523;
54.786625	0.010303;
55.470280	0.011102;
57.711212	0.010781;
58.965385	0.009799;
58.046532	0.008351;
55.575962	0.007096;
52.946922	0.006823;
51.822353	0.007946;
53.330185	0.009416;
55.168892	0.010852;
56.607006	0.012334;
57.507561	0.014094;
58.390686	0.016311;
59.340225	0.016693;
58.545650	0.014406;
56.407566	0.010525;
54.243328	0.007042;
54.139355	0.007111;
55.222748	0.009694;
55.482559	0.012596;
54.987175	0.015088;
54.495754	0.016972;
54.671574	0.018576;
55.334908	0.019658;
54.908894	0.020007;
52.678448	0.020078;
48.471043	0.020475;
43.541214	0.021148;
39.370285	0.020412;
36.814384	0.022360;
35.817398	0.029266;
35.847313	0.041970;
35.665283	0.056755;
33.978901	0.062747;
31.977037	0.058441;
30.007343	0.045520;
28.138021	0.027874;
26.120979	0.014282;
23.521355	0.008857;
23.876558	0.007126;
26.262568	0.006897;
28.608009	0.006955;
30.597204	0.009531;
32.586399	0.012107;
32.348270	0.015234;
32.097496	0.018507;
34.658691	0.021380;
38.562729	0.024257;
37.861412	0.023415;
36.388161	0.021333;
35.910179	0.019395;
37.461063	0.018699;
40.984074	0.020189;
41.620430	0.020274;
39.279774	0.019296;
36.286327	0.019054;
35.279030	0.021283;
36.482689	0.025147;
38.370823	0.027453;
38.369568	0.026340;
37.049133	0.022945;
35.871124	0.019348;
36.421127	0.017855;
39.472729	0.018027;
40.636097	0.017767;
39.592724	0.017008;
37.442368	0.016440;
37.044075	0.018106;
38.654388	0.021097;
40.603638	0.023584;
41.778160	0.023859;
41.106979	0.020858;
36.802650	0.016270;
35.656052	0.014375;
39.176502	0.014563;
44.454479	0.016080;
48.609123	0.017524;
55.135654	0.014643;
58.036076	0.013713;
57.401241	0.013855;
52.868134	0.015748;
45.361492	0.019373;
41.826805	0.019784;
37.890034	0.018816;
36.118721	0.018404;
36.410099	0.019112;
37.919437	0.020827;
39.634354	0.021824;
38.970871	0.019242;
37.358139	0.015395;
36.237686	0.011872;
37.299305	0.009990;
43.607662	0.010525;
49.219273	0.011676;
54.199142	0.011349;
57.527756	0.010338;
57.670662	0.009887;
51.072815	0.010421;
44.333519	0.013090;
37.084694	0.013000;
31.641907	0.011320;
29.726097	0.009929;
28.418018	0.008097;
38.246193	0.010368;
49.591103	0.013198;
60.846870	0.013824;
71.958115	0.010867;
83.069359	0.007909;
84.373886	0.007574;
82.393860	0.006801;
80.434853	0.005854;
80.519936	0.005560;
81.678795	0.006536;
82.861481	0.007621;
85.491333	0.007819;
89.195206	0.007293;
92.659943	0.006357;
92.120934	0.004900;
91.293663	0.003830;
91.978065	0.003463;
93.144127	0.003630;
94.147339	0.004012;
98.070389	0.004135;
106.26507	0.006623;
108.30122	0.009253;
101.44366	0.011553;
88.753204	0.013161;
89.276237	0.012862;
91.618668	0.010347;
98.275017	0.008254;
106.39390	0.006369;
112.34079	0.004313;
112.85941	0.002894;
104.77144	0.004955;
95.658630	0.007431;
90.657829	0.009101;
91.837769	0.009452;
92.321526	0.009313;
93.490479	0.008844;
94.230873	0.008386;
94.326469	0.008053;
93.804489	0.007846;
92.934471	0.007519;
90.877541	0.006203;
91.106865	0.004408;
92.802116	0.002896;
94.688004	0.002375;
96.334183	0.003332;
94.062057	0.005150;
92.159103	0.007310;
89.936630	0.009296;
86.224945	0.010662;
80.444298	0.011129;
77.861977	0.010855;
78.896935	0.010104;
81.899818	0.009799;
84.669708	0.010389;
84.271889	0.010578;
83.496132	0.009762;
82.584908	0.008036;
86.552559	0.005724;
97.339447	0.003868;
105.95694	0.005745;
114.57443	0.007622;
131.80598	0.008979;
150.83955	0.009235;
164.60560	0.008689;
171.09553	0.010270;
172.54916	0.011196;
171.20552	0.011636;
168.56947	0.011961;
165.37541	0.012145;
160.10263	0.010823;
155.70675	0.009520;
153.78573	0.008470;
153.12696	0.007851;
152.05720	0.007713;
148.57554	0.007821;
143.63458	0.007529;
142.45222	0.006348;
144.28347	0.004802;
150.61959	0.004405;
172.22821	0.009342;
197.99429	0.005523;
213.63156	0.004353;
221.84669	0.004385;
227.01545	0.003809;
232.12446	0.003822;
235.17959	0.003444;
235.30094	0.003310;
234.05955	0.003315;
232.81814	0.003320;
231.57673	0.003326;
229.20735	0.003611;
230.12213	0.003553;
233.67334	0.003497;
238.86415	0.003699;
245.46582	0.003944;
255.25251	0.003278;
257.03256	0.002223;
250.65980	0.002043;
238.65452	0.003257;
226.64924	0.004471;
225.75077	0.001185;
176.597733	0.009572;
174.531708	0.014977;
171.950516	0.019458;
168.923187	0.024005;
169.226074	0.022022;
169.903305	0.018053;
172.641144	0.013366;
176.449203	0.009749;
177.783051	0.009481;
178.486969	0.013446;
176.710724	0.018293;
174.922546	0.023805;
174.177277	0.029903;
174.216019	0.036611;
175.062897	0.041206;
175.943100	0.040979;
176.462646	0.036430;
176.470047	0.029517;
176.040771	0.023598;
175.660522	0.023601;
175.561844	0.026443;
175.473053	0.029520;
175.115784	0.031104;
174.210037	0.030237;
173.042297	0.028011;
172.460297	0.026397;
172.744614	0.025749;
173.803741	0.026252;
175.205139	0.027925;
176.070312	0.030103;
176.287231	0.031532;
175.917984	0.031766;
174.991119	0.030728;
173.528549	0.028695;
172.088272	0.027251;
171.575455	0.026437;
172.915512	0.025943;
175.361633	0.026030;
176.777832	0.027358;
175.920120	0.027742;
174.711090	0.026528;
174.585632	0.023865;
175.431488	0.020793;
175.907272	0.019077;
175.464584	0.019590;
174.674423	0.020173;
173.926132	0.020599;
173.548767	0.021040;
173.848419	0.021973;
175.907471	0.023692;
176.849823	0.026044;
176.287811	0.028936;
174.369232	0.032538;
171.731522	0.037102;
170.618256	0.039231;
170.959305	0.037215;
172.169540	0.032669;
173.790451	0.027093;
175.433197	0.021987;
177.210846	0.017884;
178.916687	0.014551;
179.282822	0.012259;
178.010880	0.011654;
175.585648	0.013622;
174.384064	0.018943;
174.400711	0.025045;
174.354614	0.030925;
173.895294	0.035794;
173.325745	0.038995;
173.589127	0.039884;
174.199310	0.039742;
174.540054	0.039034;
174.406616	0.037979;
173.903015	0.036635;
173.990000	0.034394;
174.580902	0.030518;
176.045731	0.025293;
177.977844	0.019643;
179.677048	0.014969;
178.548248	0.012465;
175.483856	0.012513;
173.512344	0.013842;
173.309586	0.015660;
609.328308	0.008006;
610.783264	0.008182;
613.234314	0.009435;
616.016357	0.011046;
620.455078	0.013351;
629.807739	0.017716;
634.243103	0.021374;
637.981018	0.024699;
641.556641	0.027438;
645.036560	0.029298;
648.046204	0.029950;
651.946655	0.028870;
656.480408	0.028345;
660.228943	0.028525;
662.644165	0.029404;
663.992615	0.030832;
664.307617	0.033385;
664.192444	0.036223;
664.149963	0.038107;
664.670776	0.038103;
666.221741	0.035588;
667.681519	0.032299;
668.029968	0.030035;
667.677734	0.029272;
667.180481	0.029887;
667.227600	0.031203;
667.735657	0.032036;
667.904541	0.032558;
667.683533	0.033231;
667.171875	0.034397;
666.608337	0.036286;
666.432312	0.038537;
666.358948	0.040257;
666.283997	0.040912;
666.223083	0.040257;
666.290161	0.038319;
666.515625	0.036299;
666.641785	0.035354;
666.714111	0.035155;
666.823547	0.035211;
667.094910	0.034888;
667.394897	0.034230;
667.531677	0.033859;
667.414673	0.033520;
667.076660	0.032826;
666.666443	0.031296;
666.891602	0.028947;
667.404907	0.027117;
667.686218	0.025966;
667.471985	0.025351;
666.717529	0.024875;
666.216309	0.024344;
666.256531	0.023962;
666.974487	0.023572;
668.284363	0.023109;
669.884888	0.022583;
670.421448	0.022236;
670.069092	0.022251;
669.439148	0.022648;
669.015930	0.023348;
669.183228	0.024193;
669.440369	0.025353;
669.284668	0.026767;
668.940308	0.028464;
668.611877	0.030421;
668.494751	0.032558;
668.600098	0.034327;
668.839233	0.035587;
669.098206	0.036730;
669.262634	0.038035;
669.215271	0.039699;
668.838867	0.041455;
668.495911	0.043026;
668.334839	0.044341;
668.383423	0.045140;
668.569641	0.045026;
668.476379	0.043195;
668.165466	0.040558;
668.111023	0.038007;
668.508118	0.036421;
669.329956	0.036696;
669.697998	0.040001;
669.594360	0.044225;
669.399353	0.047538;
669.274719	0.048788;
669.240784	0.047341;
669.065857	0.044255;
668.913391	0.042227;
668.861206	0.041412;
668.880005	0.041324;
668.861938	0.041026;
668.520691	0.039682;
668.132080	0.038689;
668.004578	0.038552;
668.303040	0.039196;
669.059937	0.040157;
669.543762	0.040866;
669.450439	0.041817;
669.125366	0.043345;
668.831970	0.045254;
668.787231	0.046997;
668.940247	0.047671;
669.131592	0.048034;
669.416138	0.048483;
669.724792	0.049018;
669.898438	0.049397;
669.500854	0.049014;
669.041016	0.048237;
668.884521	0.047015;
669.031738	0.044992;
669.269348	0.041570;
669.382263	0.034670;
672.046448	0.026305;
673.744873	0.019596;
667.654358	0.021026;
647.749207	0.036751;
649.679260	0.039075;
651.502747	0.038724;
653.474426	0.037037;
655.717163	0.035469;
658.237244	0.035491;
660.391052	0.036542;
662.643982	0.036580;
664.546814	0.035990;
665.509949	0.034943;
664.871887	0.033596;
661.746948	0.032881;
658.147522	0.033998;
655.640320	0.035029;
654.216309	0.035002;
652.989929	0.033433;
650.351562	0.030250;
646.741882	0.028416;
643.944031	0.028167;
513.247681	0.001643;
511.118652	0.002144;
511.891174	0.002776;
513.572510	0.003053;
514.377930	0.003178;
514.098877	0.003336;
512.996094	0.003686;
507.484497	0.004133;
506.047485	0.004294;
507.080627	0.004003;
511.023438	0.003998;
518.708740	0.005263;
526.394043	0.006528;
526.404419	0.006753;
524.322083	0.006602;
521.467896	0.006297;
517.821960	0.005889;
517.828003	0.005398;
520.631836	0.004932;
531.482422	0.005524;
542.673767	0.006240;
542.427979	0.005477;
539.519165	0.004116;
536.329590	0.003493;
535.716614	0.003228;
537.741516	0.003192;
540.759277	0.003345;
538.718506	0.003584;
536.823303	0.004412;
536.235962	0.005270;
534.065491	0.005502;
527.018372	0.004576;
524.902283	0.003566;
524.694519	0.003429;
524.945068	0.004017;
524.483704	0.004869;
522.460876	0.005376;
520.312744	0.005019;
520.000122	0.004214;
522.001160	0.003435;
525.824463	0.002986;
529.829041	0.003016;
526.146912	0.002775;
524.220032	0.002700;
524.294739	0.002585;
522.438965	0.002320;
514.351807	0.001963;
507.017456	0.002804;
499.683044	0.003645;
498.832275	0.003312;
502.091431	0.002330;
503.832581	0.001786;
500.615448	0.001848;
508.284546	0.002088;
518.113159	0.002363;
524.490234	0.002936;
523.775940	0.004067;
520.323242	0.005105;
517.623840	0.005515;
517.756409	0.005102;
520.221558	0.004205;
523.744690	0.003374;
529.168335	0.002953;
531.984436	0.002495;
533.759766	0.002077;
537.235046	0.001916;
544.251709	0.002230;
546.394165	0.002944;
548.080322	0.003640;
562.428406	0.013427;
577.503845	0.025343;
577.107117	0.028946;
576.860962	0.029056;
577.566589	0.026988;
579.354248	0.024256;
581.826172	0.021966;
584.292358	0.020952;
585.520752	0.020752;
586.751282	0.021197;
588.102478	0.022293;
589.117432	0.023559;
589.302307	0.024430;
589.080383	0.024983;
589.112549	0.026068;
589.489075	0.027159;
590.294922	0.027639;
591.547058	0.026935;
592.979309	0.024840;
593.440796	0.022307;
592.835815	0.020242;
591.445801	0.019448;
589.783752	0.020612;
588.816589	0.024259;
587.943420	0.028885;
586.847534	0.032437;
585.197144	0.033407;
582.490112	0.030870;
576.942078	0.025913;
573.527649	0.023789;
571.765930	0.024869;
571.379395	0.028704;
571.989746	0.034057;
572.854980	0.037225;
572.534424	0.034679;
570.400391	0.028584;
567.327881	0.021457;
564.577148	0.015849;
562.928162	0.013242;
562.385437	0.012239;
562.525818	0.011443;
563.048096	0.010906;
563.741821	0.011386;
564.943420	0.015822;
569.754822	0.025547;
572.507629	0.035635;
573.056030	0.041600;
572.461426	0.039754;
570.261047	0.029427;
565.986877	0.019649;
562.874451	0.012397;
561.007751	0.007616;
560.024109	0.004706;
561.641479	0.003368;
577.722900	0.009242;
597.063965	0.012345;
609.148010	0.014244;
607.708923	0.018100;
606.817383	0.021038;
607.646118	0.022359;
608.657227	0.023255;
609.234558	0.023987;
609.132202	0.024619;
608.867493	0.025210;
608.589539	0.026109;
607.972961	0.027200;
607.161804	0.028015;
606.514587	0.027920;
606.913269	0.025720;
608.277161	0.022206;
610.010315	0.018894;
611.649231	0.016105;
612.155518	0.013687;
607.441101	0.010502;
600.475037	0.009386;
588.423950	0.008869;
576.938171	0.008320;
571.639038	0.007488;
569.998901	0.007276;
569.494873	0.007186;
569.571289	0.006426;
565.592285	0.005366;
553.708313	0.004653;
536.158875	0.005316;
533.377502	0.005154;
530.496887	0.004609;
524.711792	0.004220;
517.340027	0.003868;
517.340027	0.000408;
664.982971	0.037299;
666.137207	0.036438;
667.643982	0.034077;
669.045471	0.030912;
669.573059	0.028175;
669.419067	0.026932;
669.239563	0.026823;
669.228638	0.027468;
669.413940	0.028448;
669.508484	0.029389;
669.368958	0.030080;
669.269897	0.030602;
669.276367	0.031023;
669.367920	0.031374;
669.347229	0.031524;
669.344360	0.031223;
669.495972	0.030589;
669.687317	0.029726;
669.767151	0.028736;
669.606689	0.027647;
669.480469	0.026429;
669.366455	0.025363;
669.226440	0.024532;
669.089722	0.023909;
669.255859	0.023176;
669.750061	0.022247;
670.003418	0.021554;
669.904907	0.021175;
669.542236	0.020986;
669.404602	0.020474;
669.941772	0.019562;
670.550110	0.018943;
670.874329	0.018650;
670.688599	0.018457;
670.016479	0.017595;
669.676514	0.015693;
669.855835	0.013676;
670.358032	0.012222;
670.864563	0.011757;
670.867249	0.012122;
670.261658	0.012206;
669.849243	0.011720;
669.935974	0.010838;
670.628235	0.009868;
671.708740	0.009315;
672.191833	0.009249;
671.968506	0.009488;
671.311401	0.009993;
670.586853	0.010759;
670.244995	0.011882;
670.231140	0.013408;
670.139893	0.015087;
669.935364	0.016683;
669.704102	0.017977;
669.757935	0.018723;
670.076172	0.019117;
670.450867	0.019389;
670.854736	0.019697;
671.230896	0.020213;
671.352905	0.021214;
670.983826	0.022678;
670.567078	0.024177;
670.289062	0.025424;
670.213745	0.026267;
670.162720	0.026839;
670.215393	0.027402;
670.443909	0.027923;
670.703064	0.028393;
670.839172	0.028837;
670.738159	0.029337;
670.576721	0.029968;
670.477417	0.030638;
670.413635	0.031324;
670.340149	0.031989;
670.208618	0.032517;
670.189575	0.032690;
670.363525	0.032481;
670.639771	0.031959;
670.884766	0.031275;
670.899231	0.030756;
670.720154	0.030933;
670.556580	0.031563;
670.454468	0.032318;
670.426453	0.032912;
670.453796	0.033182;
670.678223	0.033299;
671.052490	0.033441;
671.374695	0.033552;
671.454529	0.033593;
671.142639	0.033640;
670.908875	0.034040;
670.866638	0.034596;
670.875977	0.034995;
670.802673	0.034961;
670.584045	0.034267;
670.460999	0.033543;
670.403320	0.033259;
670.419312	0.033361;
670.531860	0.033584;
670.805969	0.033284;
671.068726	0.032186;
671.213745	0.030921;
671.345825	0.029789;
671.518311	0.028945;
671.615967	0.028306;
671.270386	0.027692;
670.828613	0.027213;
670.729614	0.026825;
671.261780	0.026483;
672.424011	0.026187;
673.105591	0.025723;
672.827271	0.024764;
671.991821	0.023516;
671.168152	0.022231;
671.135742	0.021145;
671.614746	0.020544;
672.082520	0.020260;
672.546997	0.020088;
672.980957	0.019831;
673.177185	0.019289;
672.739502	0.018319;
672.157043	0.017359;
671.900818	0.016771;
672.234192	0.016890;
673.045715	0.018101;
673.402527	0.019852;
673.267822	0.020944;
672.964111	0.021046;
672.704041	0.020161;
672.417603	0.018747;
672.163513	0.018092;
672.285339	0.018434;
672.583862	0.019572;
672.790527	0.021126;
672.559509	0.022444;
672.352417	0.022786;
672.310974	0.022338;
672.300171	0.021417;
672.145996	0.020386;
671.615173	0.019665;
670.438477	0.019367;
669.285950	0.019256;
668.765137	0.019295;
669.203430	0.019597;
670.494995	0.020569;
671.477966	0.022691;
671.896790	0.025174;
672.014709	0.027627;
672.074646	0.029708;
672.220642	0.031069;
672.310547	0.031669;
672.369080	0.031966;
672.375610	0.031810;
672.313477	0.030956;
672.170593	0.028969;
671.934387	0.026047;
671.417908	0.023345;
670.466614	0.021322;
669.218567	0.020203;
668.309204	0.019949;
668.541992	0.020506;
669.094849	0.021870;
669.800232	0.023780;
670.558105	0.025944;
671.327820	0.028055;
671.769409	0.030284;
672.014832	0.032286;
672.177368	0.033350;
672.288818	0.032938;
672.240967	0.030709;
671.680969	0.027678;
670.777893	0.025196;
669.776489	0.023472;
668.927124	0.022602;
668.501770	0.022665;
668.672424	0.024322;
669.356384	0.027078;
670.315186	0.030596;
671.255310	0.034564;
671.797485	0.038731;
671.892395	0.042949;
671.785767	0.046606;
671.632874	0.049112;
671.527405	0.050089;
671.479065	0.049380;
671.222595	0.047609;
670.809326	0.045766;
670.415894	0.043981;
670.187073	0.042369;
670.226624	0.041086;
670.412720	0.040840;
670.657166	0.041444;
670.952942	0.042603;
671.266846	0.043987;
671.523438	0.045231;
671.506775	0.045736;
671.175659	0.045574;
670.656555	0.045161;
670.034607	0.044778;
669.325745	0.044509;
667.812805	0.042840;
664.852783	0.039751;
660.969727	0.037027;
657.127319	0.035796;
654.874268	0.036295;
653.770996	0.038259;
652.857239	0.040507;
651.656982	0.042018;
649.917908	0.042350;
647.643982	0.041771;
646.030396	0.041621;
644.791992	0.041527;
643.336426	0.040973;
641.352356	0.039561;
638.880005	0.037016;
637.222961	0.032827;
636.415833	0.028303;
636.458740	0.024327;
637.241333	0.021485;
638.535583	0.020044;
639.301147	0.019444;
639.075134	0.018437;
638.251770	0.016862;
637.540405	0.014740;
638.035095	0.012287;
639.930420	0.011144;
641.043884	0.011821;
641.261780	0.013666;
640.570251	0.015697;
639.012207	0.016547;
636.042786	0.014673;
632.791992	0.012342;
630.508545	0.010261;
629.769348	0.008820;
630.403992	0.008083;
630.546448	0.008235;
630.214661	0.008952;
630.055481	0.010095;
630.261658	0.011385;
630.509766	0.012385;
629.723389	0.012180;
628.452393	0.011200;
627.078918	0.009817;
625.833801	0.008385;
624.785706	0.007233;
624.163513	0.006658;
623.485596	0.006209;
622.273193	0.005803;
620.589294	0.005466;
619.073547	0.005337;
618.512817	0.005278;
618.624207	0.004918;
621.802734	0.004183;
627.746155	0.003589;
633.344055	0.004264;
633.164978	0.005088;
632.979858	0.005339;
633.480103	0.005279;
634.359802	0.005171;
634.316528	0.005279;
633.404297	0.005348;
633.882690	0.005066;
635.186035	0.004436;
637.550842	0.003610;
641.988159	0.002887;
642.423279	0.002761;
642.530823	0.001085;
